SECOM 590-Variable Benchmark (Rust)
========================================

Variables: 591
Samples: 1567
Best score: 3378572.90
Elapsed time: 448.92s

Best structure:
  var_0 ← [103, 136, 272, 361, 409, 540]
  var_1 ← [123, 137, 208, 393, 410, 563]
  var_2 ← [138, 140, 274, 275, 411, 415]
  var_3 ← [2, 6, 139, 275, 412, 413]
  var_4 ← [6, 122, 132, 140, 275, 277]
  var_6 ← [3, 139, 142, 412, 413, 415]
  var_7 ← [2, 3, 4, 19, 278, 424]
  var_8 ← [9, 18, 28, 144, 279, 417]
  var_9 ← [8, 76, 80, 133, 352, 353]
  var_10 ← [59, 76, 79, 80, 124, 582]
  var_11 ← [16, 17, 147, 282, 287, 288]
  var_12 ← [16, 18, 83, 143, 473, 490]
  var_14 ← [15, 150, 285, 286, 319, 423]
  var_15 ← [14, 175, 286, 302, 347, 424]
  var_16 ← [11, 12, 17, 18, 287, 425]
  var_17 ← [11, 147, 153, 287, 420, 426]
  var_18 ← [12, 16, 83, 143, 473, 490]
  var_19 ← [45, 126, 155, 428, 562, 571]
  var_20 ← [77, 156, 162, 291, 429, 542]
  var_21 ← [22, 27, 31, 164, 299, 431]
  var_22 ← [21, 25, 26, 160, 300, 431]
  var_23 ← [86, 137, 212, 430, 432, 460]
  var_24 ← [25, 31, 168, 170, 439, 443]
  var_25 ← [22, 26, 27, 31, 160, 434]
  var_26 ← [22, 25, 31, 295, 299, 312]
  var_27 ← [25, 29, 164, 304, 435, 436]
  var_28 ← [27, 30, 37, 78, 100, 103]
  var_29 ← [22, 30, 31, 78, 162, 438]
  var_30 ← [28, 29, 31, 166, 168, 439]
  var_31 ← [25, 26, 27, 169, 294, 440]
  var_32 ← [33, 36, 157, 170, 305, 441]
  var_33 ← [32, 39, 171, 177, 442, 448]
  var_34 ← [36, 61, 78, 85, 442, 579]
  var_35 ← [28, 33, 34, 38, 173, 444]
  var_36 ← [34, 61, 78, 85, 442, 579]
  var_37 ← [28, 33, 38, 175, 406, 446]
  var_38 ← [37, 79, 177, 305, 312, 436]
  var_39 ← [32, 34, 301, 310, 393, 442]
  var_40 ← [28, 30, 39, 41, 59, 162]
  var_41 ← [40, 80, 295, 299, 309, 444]
  var_43 ← [45, 46, 48, 50, 349, 589]
  var_44 ← [43, 61, 65, 181, 453, 459]
  var_45 ← [43, 46, 48, 50, 349, 589]
  var_46 ← [43, 44, 48, 50, 120, 181]
  var_47 ← [45, 51, 184, 188, 456, 460]
  var_48 ← [43, 45, 46, 50, 349, 589]
  var_50 ← [43, 45, 46, 48, 349, 589]
  var_51 ← [47, 61, 184, 188, 456, 460]
  var_53 ← [54, 55, 56, 57, 318, 518]
  var_54 ← [53, 55, 56, 57, 318, 518]
  var_55 ← [43, 45, 46, 54, 58, 319]
  var_56 ← [45, 46, 47, 53, 55, 58]
  var_57 ← [53, 54, 55, 56, 318, 518]
  var_58 ← [55, 56, 66, 201, 331, 406]
  var_59 ← [64, 76, 79, 103, 201, 332]
  var_60 ← [43, 62, 66, 68, 70, 209]
  var_61 ← [43, 44, 59, 60, 62, 67]
  var_62 ← [43, 60, 68, 70, 335, 347]
  var_63 ← [50, 70, 207, 343, 472, 479]
  var_64 ← [47, 65, 67, 202, 342, 474]
  var_65 ← [46, 64, 66, 185, 333, 457]
  var_66 ← [46, 64, 65, 185, 333, 457]
  var_67 ← [204, 319, 343, 476, 478, 480]
  var_68 ← [43, 60, 62, 70, 123, 206]
  var_70 ← [60, 61, 66, 68, 202, 477]
  var_71 ← [66, 68, 208, 476, 480, 573]
  var_72 ← [62, 70, 73, 82, 111, 331]
  var_73 ← [45, 62, 70, 72, 204, 346]
  var_74 ← [347]
  var_75 ← [55, 59, 79, 92, 348, 393]
  var_76 ← [9, 59, 332, 349, 406, 483]
  var_77 ← [81, 122, 132, 212, 354, 488]
  var_78 ← [28, 82, 129, 542, 543, 544]
  var_79 ← [59, 64, 75, 335, 348, 571]
  var_80 ← [10, 76, 78, 123, 353, 406]
  var_81 ← [77, 216, 354, 485, 488, 554]
  var_82 ← [71, 78, 124, 132, 316, 485]
  var_83 ← [20, 164, 218, 274, 490, 563]
  var_84 ← [37, 53, 79, 118, 219, 491]
  var_85 ← [78, 220, 492, 542, 544, 545]
  var_86 ← [165, 221, 359, 493, 546, 548]
  var_87 ← [62, 222, 324, 360, 487, 494]
  var_88 ← [28, 223, 360, 361, 494, 495]
  var_89 ← [78, 132, 224, 299, 435, 496]
  var_90 ← [115, 225, 250, 497, 520, 522]
  var_91 ← [38, 98, 102, 106, 107, 108]
  var_92 ← [19, 29, 105, 107, 290, 439]
  var_93 ← [99, 104, 106, 155, 290, 428]
  var_94 ← [95, 96, 98, 100, 101, 385]
  var_95 ← [91, 103, 122, 228, 367, 368]
  var_96 ← [94, 95, 98, 100, 101, 103]
  var_98 ← [79, 94, 95, 96, 100, 103]
  var_99 ← [75, 104, 365, 367, 499, 527]
  var_100 ← [94, 95, 96, 98, 101, 523]
  var_101 ← [94, 96, 98, 100, 122, 210]
  var_102 ← [91, 107, 108, 227, 365, 368]
  var_103 ← [28, 38, 100, 129, 238, 510]
  var_104 ← [65, 75, 99, 368, 499, 527]
  var_105 ← [92, 93, 106, 107, 323]
  var_106 ← [93, 99, 104, 155, 290, 428]
  var_107 ← [91, 99, 100, 108, 359, 406]
  var_108 ← [86, 91, 93, 102, 107, 183]
  var_109 ← [58, 129, 187, 382, 383, 516]
  var_110 ← [28, 111, 245, 393, 516, 517]
  var_111 ← [110, 244, 246, 516, 517, 518]
  var_112 ← [28, 143, 247, 278, 385, 519]
  var_113 ← [88, 90, 248, 473, 520, 571]
  var_114 ← [249, 300, 386, 387, 435, 545]
  var_115 ← [90, 225, 250, 497, 520, 522]
  var_116 ← [117, 130, 251, 389, 523, 524]
  var_117 ← [9, 40, 116, 268, 279, 390]
  var_118 ← [88, 122, 253, 274, 426, 525]
  var_119 ← [120, 254, 255, 392, 526, 527]
  var_120 ← [68, 119, 254, 255, 526, 527]
  var_121 ← [78, 123, 131, 134, 211, 544]
  var_122 ← [125, 127, 128, 130, 134, 405]
  var_123 ← [111, 121, 124, 131, 134, 211]
  var_124 ← [78, 121, 122, 129, 133, 267]
  var_125 ← [122, 127, 129, 405, 407, 423]
  var_126 ← [111, 122, 127, 128, 130, 211]
  var_127 ← [121, 122, 125, 126, 128, 133]
  var_128 ← [122, 126, 127, 171, 406, 540]
  var_129 ← [78, 103, 111, 125, 175, 393]
  var_130 ← [121, 122, 126, 134, 267, 317]
  var_131 ← [111, 121, 123, 124, 134, 211]
  var_132 ← [78, 124, 125, 267, 440, 539]
  var_133 ← [75, 121, 132, 268, 405, 540]
  var_134 ← [122, 126, 130, 269, 407, 541]
  var_135 ← [31, 78, 99, 270, 408, 548]
  var_136 ← [0, 38, 103, 271, 361, 409]
  var_137 ← [1, 272, 393, 409, 410, 565]
  var_138 ← [2, 140, 275, 277, 278, 411]
  var_139 ← [3, 116, 274, 277, 412, 415]
  var_140 ← [2, 4, 138, 275, 277, 411]
  var_142 ← [6, 139, 140, 275, 412, 415]
  var_143 ← [3, 6, 138, 411, 413, 416]
  var_144 ← [8, 201, 279, 337, 417, 564]
  var_145 ← [24, 28, 280, 281, 352, 548]
  var_146 ← [78, 145, 281, 353, 438, 488]
  var_147 ← [11, 153, 282, 287, 420, 426]
  var_148 ← [12, 152, 154, 421, 425, 427]
  var_150 ← [1, 14, 15, 285, 423, 424]
  var_151 ← [168, 285, 286, 342, 424, 489]
  var_152 ← [68, 287, 357, 393, 425, 525]
  var_153 ← [12, 17, 78, 288, 426, 562]
  var_154 ← [18, 79, 280, 287, 425, 427]
  var_155 ← [19, 58, 304, 355, 428, 562]
  var_156 ← [20, 37, 40, 85, 291, 429]
  var_157 ← [2, 158, 185, 292, 293, 320]
  var_158 ← [31, 157, 250, 292, 293, 388]
  var_159 ← [26, 164, 294, 299, 430, 435]
  var_160 ← [31, 164, 295, 299, 431, 435]
  var_161 ← [138, 164, 296, 299, 432, 488]
  var_162 ← [133, 187, 297, 549, 555, 562]
  var_163 ← [31, 164, 298, 299, 434, 435]
  var_164 ← [163, 165, 298, 299, 300, 435]
  var_165 ← [31, 164, 299, 300, 435, 436]
  var_166 ← [28, 38, 301, 437, 438, 439]
  var_167 ← [125, 168, 302, 303, 438, 439]
  var_168 ← [28, 30, 167, 302, 303, 439]
  var_169 ← [21, 27, 31, 115, 304, 440]
  var_170 ← [32, 33, 36, 157, 305, 441]
  var_171 ← [29, 33, 129, 306, 442, 473]
  var_172 ← [58, 89, 167, 174, 301, 358]
  var_173 ← [28, 33, 34, 35, 38, 444]
  var_174 ← [36, 58, 172, 301, 443, 445]
  var_175 ← [28, 37, 38, 195, 406, 446]
  var_176 ← [30, 38, 40, 165, 447, 525]
  var_177 ← [33, 34, 39, 307, 448, 585]
  var_180 ← [43, 44, 45, 317, 452, 456]
  var_181 ← [44, 48, 60, 185, 453, 457]
  var_182 ← [43, 45, 318, 323, 454, 455]
  var_183 ← [46, 50, 187, 319, 455, 459]
  var_184 ← [47, 188, 292, 320, 456, 460]
  var_185 ← [48, 316, 319, 321, 323, 457]
  var_187 ← [48, 50, 184, 185, 457, 459]
  var_188 ← [47, 51, 184, 324, 456, 460]
  var_195 ← [58, 60, 183, 319, 331, 467]
  var_196 ← [199, 201, 332, 335, 340, 341]
  var_197 ← [60, 199, 333, 335, 469, 471]
  var_198 ← [61, 67, 74, 332, 338, 470]
  var_199 ← [62, 205, 335, 341, 471, 477]
  var_200 ← [50, 70, 207, 343, 472, 479]
  var_201 ← [64, 67, 337, 338, 341, 473]
  var_202 ← [64, 65, 196, 332, 338, 474]
  var_203 ← [66, 202, 332, 339, 475, 478]
  var_204 ← [74, 196, 202, 332, 338, 340]
  var_205 ← [202, 204, 338, 340, 341, 477]
  var_206 ← [347]
  var_207 ← [70, 74, 333, 335, 471, 479]
  var_208 ← [71, 207, 340, 344, 476, 480]
  var_209 ← [347]
  var_210 ← [75, 100, 129, 214, 320, 348]
  var_211 ← [59, 80, 125, 349, 471, 569]
  var_212 ← [58, 75, 81, 96, 310, 350]
  var_213 ← [25, 82, 146, 153, 351, 426]
  var_214 ← [30, 79, 348, 352, 406, 416]
  var_215 ← [3, 28, 80, 145, 349, 353]
  var_216 ← [81, 350, 354, 388, 488, 590]
  var_217 ← [17, 78, 213, 351, 355, 485]
  var_218 ← [83, 100, 211, 356, 419, 490]
  var_219 ← [37, 79, 84, 118, 357, 491]
  var_220 ← [85, 358, 492, 543, 544, 545]
  var_221 ← [58, 86, 165, 359, 493, 542]
  var_222 ← [17, 87, 223, 360, 494, 495]
  var_223 ← [28, 88, 222, 360, 494, 495]
  var_224 ← [89, 132, 362, 454, 496, 510]
  var_225 ← [90, 115, 250, 497, 520, 522]
  var_227 ← [91, 102, 103, 365, 366, 367]
  var_228 ← [98, 104, 107, 365, 366, 368]
  var_238 ← [71, 103, 366, 376, 510, 511]
  var_239 ← [111, 169, 311, 377, 406, 489]
  var_244 ← [109, 110, 245, 382, 516, 517]
  var_245 ← [28, 110, 244, 393, 516, 517]
  var_246 ← [111, 244, 424, 516, 517, 518]
  var_247 ← [112, 248, 249, 385, 519, 520]
  var_248 ← [66, 78, 115, 386, 520, 521]
  var_249 ← [114, 387, 434, 484, 521, 545]
  var_250 ← [115, 225, 363, 388, 520, 522]
  var_251 ← [116, 117, 247, 292, 389, 523]
  var_252 ← [75, 251, 273, 389, 390, 524]
  var_253 ← [40, 77, 118, 391, 525, 581]
  var_254 ← [119, 120, 392, 393, 526, 549]
  var_255 ← [94, 120, 132, 393, 527, 539]
  var_267 ← [78, 124, 129, 132, 405, 539]
  var_268 ← [59, 124, 132, 133, 540, 554]
  var_269 ← [126, 127, 130, 134, 407, 541]
  var_270 ← [129, 135, 377, 406, 408, 548]
  var_271 ← [28, 41, 136, 137, 272, 273]
  var_272 ← [78, 136, 137, 271, 300, 553]
  var_273 ← [3, 6, 28, 138, 277, 278]
  var_274 ← [139, 140, 275, 277, 412, 415]
  var_275 ← [2, 4, 138, 140, 277, 411]
  var_277 ← [139, 140, 142, 274, 275, 412]
  var_278 ← [79, 112, 143, 393, 406, 542]
  var_279 ← [8, 144, 247, 385, 417, 519]
  var_280 ← [30, 145, 281, 352, 543, 544]
  var_281 ← [10, 78, 80, 145, 146, 439]
  var_282 ← [11, 147, 153, 274, 288, 426]
  var_283 ← [148, 154, 289, 421, 425, 427]
  var_285 ← [1, 14, 62, 150, 423, 467]
  var_286 ← [14, 15, 151, 168, 347, 424]
  var_287 ← [68, 152, 357, 393, 425, 525]
  var_288 ← [11, 17, 147, 153, 282, 426]
  var_289 ← [148, 152, 154, 283, 425, 440]
  var_290 ← [18, 37, 428, 544, 545, 568]
  var_291 ← [20, 59, 85, 125, 156, 496]
  var_292 ← [2, 77, 157, 158, 293, 320]
  var_293 ← [31, 157, 158, 225, 292, 363]
  var_294 ← [159, 164, 165, 299, 300, 435]
  var_295 ← [27, 160, 164, 299, 431, 435]
  var_296 ← [138, 161, 164, 299, 432, 488]
  var_297 ← [30, 133, 162, 167, 549, 562]
  var_298 ← [31, 64, 163, 164, 299, 436]
  var_299 ← [57, 163, 164, 165, 298, 300]
  var_300 ← [27, 164, 165, 299, 435, 436]
  var_301 ← [28, 81, 83, 166, 306, 437]
  var_302 ← [125, 167, 168, 303, 438, 439]
  var_303 ← [31, 40, 167, 168, 302, 308]
  var_304 ← [23, 27, 32, 159, 169, 440]
  var_305 ← [22, 28, 38, 39, 170, 312]
  var_306 ← [91, 171, 173, 311, 447, 549]
  var_307 ← [129, 172, 174, 309, 441, 544]
  var_308 ← [34, 38, 173, 310, 443, 445]
  var_309 ← [129, 172, 174, 307, 441, 544]
  var_310 ← [33, 36, 78, 175, 312, 448]
  var_311 ← [76, 170, 173, 305, 447, 571]
  var_312 ← [38, 177, 305, 307, 310, 446]
  var_316 ← [53, 56, 180, 317, 319, 453]
  var_317 ← [51, 61, 181, 316, 452, 453]
  var_318 ← [43, 50, 78, 129, 182, 319]
  var_319 ← [48, 50, 55, 183, 316, 455]
  var_320 ← [47, 184, 188, 321, 456, 460]
  var_321 ← [45, 51, 181, 185, 317, 457]
  var_323 ← [185, 187, 319, 393, 455, 457]
  var_324 ← [47, 120, 157, 188, 467, 578]
  var_331 ← [43, 58, 183, 195, 319, 467]
  var_332 ← [196, 199, 201, 318, 335, 474]
  var_333 ← [60, 202, 209, 336, 338, 469]
  var_334 ← [61, 67, 68, 333, 469, 470]
  var_335 ← [196, 199, 201, 332, 337, 471]
  var_336 ← [319, 323, 332, 333, 335, 341]
  var_337 ← [67, 199, 201, 332, 335, 340]
  var_338 ← [60, 197, 202, 342, 469, 474]
  var_339 ← [60, 203, 207, 319, 343, 478]
  var_340 ← [196, 202, 204, 332, 338, 342]
  var_341 ← [67, 74, 197, 204, 205, 333]
  var_342 ← [74]
  var_343 ← [207, 209, 333, 339, 475, 479]
  var_344 ← [91, 208, 306, 311, 345, 476]
  var_345 ← [67, 207, 332, 338, 346, 479]
  var_346 ← [67, 73, 332, 338, 343, 345]
  var_347 ← [209]
  var_348 ← [75, 79, 100, 129, 210, 320]
  var_349 ← [59, 80, 125, 211, 471, 569]
  var_350 ← [58, 75, 81, 96, 212, 563]
  var_351 ← [27, 82, 146, 153, 213, 426]
  var_352 ← [79, 184, 214, 348, 406, 416]
  var_353 ← [76, 80, 132, 145, 211, 215]
  var_354 ← [81, 216, 350, 388, 488, 590]
  var_355 ← [17, 213, 217, 351, 485, 489]
  var_356 ← [9, 95, 121, 124, 217, 218]
  var_357 ← [53, 151, 219, 354, 491, 580]
  var_358 ← [78, 103, 220, 440, 544, 545]
  var_359 ← [22, 41, 68, 221, 238, 319]
  var_360 ← [87, 88, 222, 223, 494, 495]
  var_361 ← [79, 88, 151, 223, 293, 495]
  var_362 ← [127, 224, 376, 454, 546, 552]
  var_363 ← [83, 225, 249, 250, 292, 388]
  var_365 ← [103, 107, 227, 228, 366, 367]
  var_366 ← [104, 107, 227, 228, 365, 367]
  var_367 ← [95, 96, 227, 316, 365, 368]
  var_368 ← [30, 95, 102, 228, 367, 405]
  var_376 ← [71, 82, 238, 239, 318, 406]
  var_377 ← [95, 169, 239, 301, 317, 319]
  var_382 ← [109, 244, 383, 516, 542, 548]
  var_383 ← [56, 111, 245, 246, 323, 384]
  var_384 ← [124, 132, 245, 383, 518, 562]
  var_385 ← [59, 64, 67, 80, 247, 519]
  var_386 ← [78, 248, 250, 363, 388, 521]
  var_387 ← [114, 249, 434, 484, 521, 545]
  var_388 ← [225, 248, 250, 363, 386, 578]
  var_389 ← [116, 251, 252, 335, 471, 523]
  var_390 ← [75, 251, 252, 273, 389, 524]
  var_391 ← [15, 59, 253, 342, 479, 542]
  var_392 ← [119, 254, 255, 393, 499, 526]
  var_393 ← [48, 78, 254, 255, 304, 392]
  var_405 ← [95, 121, 124, 134, 267, 539]
  var_406 ← [80, 111, 123, 145, 539, 540]
  var_407 ← [103, 107, 129, 134, 269, 541]
  var_408 ← [31, 78, 99, 135, 270, 548]
  var_409 ← [0, 38, 95, 103, 136, 361]
  var_410 ← [1, 121, 137, 393, 409, 565]
  var_411 ← [2, 138, 140, 275, 277, 278]
  var_412 ← [3, 6, 38, 139, 273, 274]
  var_413 ← [3, 6, 103, 140, 275, 412]
  var_415 ← [6, 139, 140, 142, 275, 412]
  var_416 ← [3, 6, 138, 143, 411, 413]
  var_417 ← [8, 128, 144, 279, 564, 586]
  var_418 ← [92, 167, 216, 318, 377, 383]
  var_419 ← [146, 358, 472, 496, 549, 552]
  var_420 ← [11, 17, 147, 153, 287, 426]
  var_421 ← [12, 148, 152, 154, 425, 427]
  var_423 ← [14, 15, 150, 183, 285, 439]
  var_424 ← [15, 150, 151, 286, 423, 478]
  var_425 ← [16, 148, 152, 154, 421, 427]
  var_426 ← [17, 18, 78, 153, 288, 562]
  var_427 ← [18, 148, 154, 287, 421, 425]
  var_428 ← [19, 58, 155, 290, 304, 562]
  var_429 ← [20, 37, 156, 575, 577, 581]
  var_430 ← [21, 26, 31, 159, 164, 435]
  var_431 ← [22, 26, 160, 163, 164, 434]
  var_432 ← [23, 58, 161, 296, 434, 552]
  var_433 ← [25, 31, 40, 173, 297, 436]
  var_434 ← [25, 26, 163, 164, 435, 436]
  var_435 ← [25, 26, 163, 164, 434, 436]
  var_436 ← [21, 26, 27, 164, 300, 435]
  var_437 ← [28, 38, 166, 301, 438, 439]
  var_438 ← [29, 167, 168, 439, 440, 573]
  var_439 ← [28, 30, 71, 168, 302, 438]
  var_440 ← [21, 27, 31, 115, 169, 299]
  var_441 ← [32, 33, 36, 157, 170, 305]
  var_442 ← [28, 32, 33, 39, 118, 171]
  var_443 ← [39, 174, 305, 312, 441, 445]
  var_444 ← [28, 33, 34, 35, 38, 173]
  var_445 ← [35, 36, 174, 177, 443, 448]
  var_446 ← [28, 37, 38, 175, 195, 406]
  var_447 ← [30, 38, 40, 165, 176, 525]
  var_448 ← [33, 34, 39, 177, 307, 585]
  var_452 ← [43, 44, 45, 180, 317, 456]
  var_453 ← [44, 48, 60, 181, 185, 457]
  var_454 ← [45, 55, 182, 185, 317, 455]
  var_455 ← [46, 50, 183, 187, 319, 459]
  var_456 ← [47, 182, 184, 188, 320, 460]
  var_457 ← [48, 50, 185, 187, 319, 459]
  var_459 ← [48, 50, 184, 185, 187, 457]
  var_460 ← [47, 51, 184, 188, 454, 456]
  var_467 ← [58, 60, 183, 195, 319, 331]
  var_468 ← [8, 59, 64, 74, 182, 196]
  var_469 ← [60, 197, 199, 333, 335, 477]
  var_470 ← [61, 67, 198, 332, 338, 478]
  var_471 ← [62, 67, 199, 335, 341, 477]
  var_472 ← [63, 67, 200, 333, 338, 343]
  var_473 ← [64, 65, 201, 202, 337, 474]
  var_474 ← [65, 202, 332, 338, 473, 475]
  var_475 ← [66, 196, 202, 203, 332, 478]
  var_476 ← [67, 208, 340, 347, 470, 480]
  var_477 ← [67, 197, 205, 332, 338, 469]
  var_478 ← [209]
  var_479 ← [70, 207, 333, 335, 347, 471]
  var_480 ← [71, 207, 208, 340, 470, 476]
  var_482 ← [76, 113, 132, 320, 368, 453]
  var_483 ← [76, 127, 182, 216, 349, 439]
  var_484 ← [31, 77, 80, 212, 366, 457]
  var_485 ← [80, 81, 82, 201, 213, 377]
  var_486 ← [75, 108, 331, 393, 487, 520]
  var_487 ← [76, 78, 80, 87, 215, 457]
  var_488 ← [77, 81, 216, 354, 550, 553]
  var_489 ← [78, 121, 217, 355, 496, 571]
  var_490 ← [29, 83, 100, 211, 218, 563]
  var_491 ← [28, 37, 79, 84, 118, 219]
  var_492 ← [28, 85, 220, 392, 542, 548]
  var_493 ← [58, 86, 165, 221, 359, 542]
  var_494 ← [87, 88, 222, 223, 360, 495]
  var_495 ← [88, 222, 223, 360, 361, 494]
  var_496 ← [38, 78, 89, 165, 224, 300]
  var_497 ← [90, 115, 225, 250, 520, 522]
  var_499 ← [59, 227, 238, 281, 366, 368]
  var_500 ← [51, 77, 121, 124, 228, 304]
  var_510 ← [36, 89, 95, 103, 238, 580]
  var_511 ← [41, 58, 308, 335, 377, 575]
  var_516 ← [111, 244, 245, 246, 517, 518]
  var_517 ← [28, 110, 244, 245, 393, 516]
  var_518 ← [111, 244, 246, 424, 516, 517]
  var_519 ← [112, 247, 248, 249, 385, 520]
  var_520 ← [115, 247, 248, 385, 519, 521]
  var_521 ← [66, 70, 113, 249, 387, 493]
  var_522 ← [90, 115, 225, 250, 497, 520]
  var_523 ← [116, 251, 252, 335, 389, 524]
  var_524 ← [36, 116, 252, 389, 390, 523]
  var_525 ← [77, 111, 118, 127, 253, 581]
  var_526 ← [119, 120, 254, 255, 392, 549]
  var_527 ← [94, 119, 120, 254, 255, 526]
  var_539 ← [78, 80, 124, 129, 132, 267]
  var_540 ← [59, 124, 132, 133, 268, 554]
  var_541 ← [103, 126, 130, 134, 269, 407]
  var_542 ← [58, 393, 527, 543, 544, 545]
  var_543 ← [58, 81, 521, 542, 544, 545]
  var_544 ← [28, 78, 220, 358, 527, 543]
  var_545 ← [58, 81, 521, 542, 543, 544]
  var_546 ← [409, 547, 548, 549, 552, 555]
  var_547 ← [78, 546, 550, 551, 554, 556]
  var_548 ← [28, 38, 70, 78, 270, 546]
  var_549 ← [272, 546, 551, 552, 555, 557]
  var_550 ← [80, 547, 551, 554, 556, 557]
  var_551 ← [547, 548, 550, 554, 556, 557]
  var_552 ← [26, 29, 272, 549, 551, 557]
  var_553 ← [129, 136, 550, 551, 552, 557]
  var_554 ← [546, 547, 548, 550, 551, 556]
  var_555 ← [272, 546, 547, 548, 549, 556]
  var_556 ← [80, 547, 550, 551, 554, 557]
  var_557 ← [135, 270, 548, 551, 554, 556]
  var_558 ← [286, 551, 557, 559, 560, 561]
  var_559 ← [57, 438, 550, 558, 560, 561]
  var_560 ← [348, 357, 556, 558, 559, 561]
  var_561 ← [57, 438, 550, 558, 559, 560]
  var_562 ← [11, 78, 563, 564, 568, 569]
  var_563 ← [321, 564, 565, 566, 567, 569]
  var_564 ← [78, 480, 562, 566, 568, 569]
  var_565 ← [562, 563, 564, 567, 568, 569]
  var_566 ← [55, 272, 554, 562, 563, 564]
  var_567 ← [92, 392, 423, 542, 565, 571]
  var_568 ← [56, 78, 480, 562, 564, 569]
  var_569 ← [321, 562, 563, 564, 565, 568]
  var_570 ← [204, 337, 346, 572, 574, 576]
  var_571 ← [58, 79, 142, 572, 573, 577]
  var_572 ← [332, 345, 570, 574, 576, 577]
  var_573 ← [167, 438, 571, 572, 575, 577]
  var_574 ← [72, 476, 570, 572, 575, 577]
  var_575 ← [17, 58, 572, 573, 574, 577]
  var_576 ← [73, 204, 346, 393, 570, 572]
  var_577 ← [571, 572, 573, 574, 575, 576]
  var_578 ← [88, 579, 581, 586, 587, 589]
  var_579 ← [571, 578, 580, 581, 587, 588]
  var_580 ← [460, 495, 571, 579, 587, 588]
  var_581 ← [415, 578, 579, 586, 587, 589]
  var_582 ← [64, 70, 110, 583, 584, 585]
  var_583 ← [78, 89, 110, 582, 584, 585]
  var_584 ← [78, 161, 317, 582, 583, 585]
  var_585 ← [78, 89, 110, 582, 583, 584]
  var_586 ← [425, 578, 579, 581, 587, 589]
  var_587 ← [161, 296, 460, 579, 580, 588]
  var_588 ← [41, 216, 460, 579, 580, 587]
  var_589 ← [74, 578, 580, 581, 586, 588]
  var_590 ← [21, 59, 64, 75, 196, 332]
