SECOM 75-Variable Benchmark (Rust)
========================================

Variables: 75
Samples: 1567
Best score: 109163.57
Elapsed time: 6.60s

Best structure:
  var_0 ← [1, 21, 25, 38]
  var_1 ← [0, 53, 57]
  var_2 ← [8, 36, 63]
  var_3 ← [7, 23, 55, 63, 66, 67]
  var_5 ← [2, 6, 18, 21, 43, 73]
  var_6 ← [5, 7, 41, 42, 61, 71]
  var_7 ← [3, 6, 22, 31, 42, 55]
  var_8 ← [2, 18, 27, 36, 54, 66]
  var_9 ← [6, 38]
  var_10 ← [5, 13, 43, 60]
  var_11 ← [12, 24, 48, 55, 62, 71]
  var_12 ← [11, 44, 48, 62]
  var_13 ← [6, 14, 41, 66, 67, 71]
  var_14 ← [3, 13, 19, 21, 41, 70]
  var_15 ← [19, 36, 41, 66, 67]
  var_16 ← [0, 17, 35, 64, 66, 67]
  var_17 ← [16, 35, 36, 52, 63, 65]
  var_18 ← [5, 8, 21, 43, 59]
  var_19 ← [5, 13, 14, 66, 67, 74]
  var_20 ← [19, 26, 38, 39, 65, 66]
  var_21 ← [5, 7, 14, 18, 43, 71]
  var_22 ← [23, 24, 42, 54, 55, 56]
  var_23 ← [21, 22, 24, 41, 42, 57]
  var_24 ← [22, 42, 54, 55, 56, 57]
  var_25 ← [7, 24, 55, 66, 67, 71]
  var_26 ← [13, 14, 65, 66, 67, 71]
  var_27 ← [8, 36, 47]
  var_31 ← [47, 62, 64, 65, 66, 67]
  var_32 ← [3, 7, 47, 61, 65, 67]
  var_33 ← [36, 38, 43, 62, 66, 67]
  var_35 ← [14, 16, 17, 36, 52, 54]
  var_36 ← [2, 27, 37, 50, 53, 64]
  var_37 ← [36, 59, 65, 66, 67]
  var_38 ← [0, 20, 26, 53, 66, 67]
  var_39 ← [13, 19, 20, 26, 65, 66]
  var_41 ← [6, 23, 55, 56, 57, 67]
  var_42 ← [22, 24, 54, 55, 56, 57]
  var_43 ← [3, 10, 18, 21, 33, 44]
  var_44 ← [6, 12, 13, 43, 48, 62]
  var_47 ← [31, 32, 61, 65, 66, 67]
  var_48 ← [6, 11, 12, 38, 44, 62]
  var_50 ← [6, 36, 51]
  var_51 ← [50, 54, 64, 66, 71, 72]
  var_52 ← [3, 17, 35, 37, 66, 67]
  var_53 ← [36, 38, 47, 65, 66, 67]
  var_54 ← [22, 23, 24, 42, 55, 56]
  var_55 ← [23, 24, 41, 42, 54, 56]
  var_56 ← [22, 24, 42, 54, 55, 57]
  var_57 ← [22, 23, 24, 41, 42, 56]
  var_58 ← [11]
  var_59 ← [37, 41, 60, 62, 64, 74]
  var_60 ← [10, 13, 59, 65, 66, 67]
  var_61 ← [3, 7, 32, 47, 65, 67]
  var_62 ← [11, 12, 44, 48]
  var_63 ← [2, 3, 39, 66, 67, 70]
  var_64 ← [3, 22, 24, 36, 51, 74]
  var_65 ← [14, 24, 42, 60, 66, 67]
  var_66 ← [3, 7, 26, 65, 67, 71]
  var_67 ← [3, 7, 33, 41, 65, 66]
  var_68 ← [6, 66, 67]
  var_69 ← [14]
  var_70 ← [14, 63, 66, 67]
  var_71 ← [25, 51, 66, 67, 72, 73]
  var_72 ← [21, 71, 73]
  var_73 ← [5, 71, 72]
  var_74 ← [19, 48, 59, 64]
