SECOM 100-Variable Benchmark (Rust)
========================================

Variables: 100
Samples: 1567
Best score: 459898.26
Elapsed time: 12.35s

Best structure:
  var_0 ← [1, 4, 12, 21, 28, 96]
  var_1 ← [2, 5, 29, 71, 72, 83]
  var_2 ← [1, 4, 12, 29, 48, 83]
  var_3 ← [1, 9, 25, 29, 35, 48]
  var_4 ← [1, 2, 5, 12, 30, 72]
  var_5 ← [1, 4, 12, 30, 54, 72]
  var_6 ← [5, 17, 23, 30, 86, 99]
  var_9 ← [31, 56, 57, 58, 75, 86]
  var_11 ← [48, 51, 54, 58, 79, 96]
  var_12 ← [13, 20, 51, 72, 82, 93]
  var_13 ← [12, 14, 23, 36, 54, 61]
  var_14 ← [13, 17, 20, 27, 60, 99]
  var_15 ← [16, 23, 37, 86, 93, 96]
  var_16 ← [9, 84, 95]
  var_17 ← [0, 1, 6, 12, 14, 99]
  var_18 ← [51, 71, 98]
  var_19 ← [39, 40, 69, 80, 83, 93]
  var_20 ← [12, 14, 21, 22, 51, 86]
  var_21 ← [0, 14, 20, 62, 82, 93]
  var_22 ← [13, 20, 52, 67, 69, 93]
  var_23 ← [6, 13, 15, 26, 33, 70]
  var_24 ← [13, 18, 27, 45, 51, 54]
  var_25 ← [3, 28, 34, 45, 78, 95]
  var_26 ← [5, 11, 12, 20, 23, 70]
  var_27 ← [14, 69]
  var_28 ← [0, 25, 34]
  var_29 ← [1, 2, 3, 9, 12, 72]
  var_30 ← [1, 4, 5, 6, 12, 39]
  var_31 ← [3, 14, 18, 52, 54]
  var_33 ← [12, 23, 51, 55, 58, 86]
  var_34 ← [13, 25, 52, 72]
  var_35 ← [2, 12, 15, 60, 89, 97]
  var_36 ← [12, 13, 51, 61, 98]
  var_37 ← [20, 48, 83]
  var_39 ← [19, 40, 80, 83, 98]
  var_40 ← [68, 69, 72, 89, 94, 98]
  var_45 ← [12, 18, 24, 51, 54, 93]
  var_46 ← [12, 51, 54, 62, 69, 70]
  var_48 ← [2, 11, 12, 62, 86, 97]
  var_51 ← [11, 12, 55, 56, 75, 79]
  var_52 ← [3, 14, 18, 31, 54, 94]
  var_54 ← [11, 13, 51, 55, 58, 79]
  var_55 ← [12, 51, 56, 57, 58, 78]
  var_56 ← [9, 51, 55, 58, 59, 79]
  var_57 ← [59]
  var_58 ← [11, 12, 33, 55, 56, 79]
  var_59 ← [57]
  var_60 ← [2, 12, 15, 35, 89, 97]
  var_61 ← [12, 13, 36, 51, 98]
  var_62 ← [13, 48, 65, 66, 80, 82]
  var_65 ← [62, 66, 70, 88, 98]
  var_66 ← [1, 2, 11, 62, 65, 88]
  var_67 ← [9, 22]
  var_68 ← [12, 26, 40, 57, 75, 80]
  var_69 ← [12, 22, 62, 86, 93, 96]
  var_70 ← [26, 46, 51, 54, 69, 86]
  var_71 ← [1, 18, 66, 72, 83, 95]
  var_72 ← [1, 4, 5, 12, 29, 71]
  var_75 ← [4, 9, 11, 33, 51, 81]
  var_78 ← [9, 55, 56, 58, 59, 79]
  var_79 ← [11, 51, 56, 58, 69, 78]
  var_80 ← [20, 62, 86, 93]
  var_81 ← [2, 4, 12, 35, 75, 98]
  var_82 ← [12, 13, 20, 21, 62, 97]
  var_83 ← [20, 37, 96]
  var_84 ← [12, 16, 31, 35, 98]
  var_86 ← [5, 12, 20, 29, 48, 94]
  var_88 ← [11, 14, 34, 65, 66]
  var_89 ← [40, 69, 72, 93, 94, 98]
  var_93 ← [12, 13, 62, 69, 86, 96]
  var_94 ← [82, 86]
  var_95 ← [19, 25, 40, 69, 72, 97]
  var_96 ← [11, 40, 48, 69, 93, 97]
  var_97 ← [20, 48, 66, 72, 75, 96]
  var_98 ← [11, 18, 29, 37, 46, 81]
  var_99 ← [5, 6, 11, 14, 17, 51]
